Р, атм	Т, К	техр Ц£	Tcalc? 1Ц'	Р, атм	Т, К	техр? Ц&	TcaC №
2,54	1688	77±5	97	2,93	1409	445±3	985
2,95	1661	101±3	101	3,16	1653	101±10	102
3,21	1537	262±4	263	3,42	1536	292±5	252
3,44	1584	189±20	167	3,45	1466	365±6	474
3,76	1644	100±2	95	3,86	1585	195±20	148
3,91	1487	343±4	355	4,00	1583	149±13	148
4,24	1525	257±4	235	4,27	1531	213±15	219
4,56	1715	61±10	48	11,9	1581	86±5	63
12,8	1426	314±8	234	13,5	1494	165±8	119
13,6	1570	89±5	62	14,0	1553	92±7	70
14,4	1621	55±7	39	14,8	1347	440±20	450
15,0	1641	30±3	33	15,0	1574	75±7	55
15,6	1595	76±6	45	15,8	1628	33±2	35
15,8	1381	406±5	300	17,6	1722	18±2	16
23,5	1422	204±5	141	23,6	1433	180±14	127
24,2	1457	157±9	100	25,7	1504	101±4	63
29	1580	49±4	30	30	1476	108±5	70
32	1351	225±16	211	38	1380	179±4	135
43	1422	81±4	81	43	1369	119±4	133
48	1659	12±1	11	49	1564	30±2	22
49	1534	44±1	28	50	1463	84±2	50
50	1611	17±1	15	50	1432	97±7	65
50	1466	79±6	49	131	1507	14±2	15
148	1348	63±3	55	151	1333	89±2	63
154	1454	21±2	20	156	1209	172±2	239
170	1314	71±3	68	174	1264	99±2	114
395	1353	26±4	23	451	1239	63±6	66
451	1196	75±6	107	477	1379	22±3	15